  -90.00     0.00    -999.99 -999.99 -999.99    0.00000     0.00            5.10004E-12  -166.57    0.00000E+00     0.00
  -89.00     0.00     -23.17 -999.99  -23.17    0.00000     0.00  LINEAR    1.60278E-02    16.65    0.00000E+00     0.00
  -88.00     0.00     -17.89 -999.99  -17.89    0.00000     0.00  LINEAR    2.94669E-02    20.19    0.00000E+00     0.00
  -87.00     0.00     -15.09 -999.99  -15.09    0.00000     0.00  LINEAR    4.06498E-02    24.16    0.00000E+00     0.00
  -86.00     0.00     -13.31 -999.99  -13.31    0.00000     0.00  LINEAR    4.98780E-02    28.63    0.00000E+00     0.00
  -85.00     0.00     -12.09 -999.99  -12.09    0.00000     0.00  LINEAR    5.74335E-02    33.71    0.00000E+00     0.00
  -84.00     0.00     -11.20 -999.99  -11.20    0.00000     0.00  LINEAR    6.35931E-02    39.46    0.00000E+00     0.00
  -83.00     0.00     -10.54 -999.99  -10.54    0.00000     0.00  LINEAR    6.86423E-02    45.96    0.00000E+00     0.00
  -82.00     0.00     -10.02 -999.99  -10.02    0.00000     0.00  LINEAR    7.28876E-02    53.27    0.00000E+00     0.00
  -81.00     0.00      -9.58 -999.99   -9.58    0.00000     0.00  LINEAR    7.66644E-02    61.41    0.00000E+00     0.00
  -80.00     0.00      -9.17 -999.99   -9.17    0.00000     0.00  LINEAR    8.03370E-02    70.36    0.00000E+00     0.00
  -79.00     0.00      -8.76 -999.99   -8.76    0.00000     0.00  LINEAR    8.42862E-02    80.06    0.00000E+00     0.00
  -78.00     0.00      -8.30 -999.99   -8.30    0.00000     0.00  LINEAR    8.88832E-02    90.36    0.00000E+00     0.00
  -77.00     0.00      -7.77 -999.99   -7.77    0.00000     0.00  LINEAR    9.44514E-02   101.06    0.00000E+00     0.00
  -76.00     0.00      -7.17 -999.99   -7.17    0.00000     0.00  LINEAR    1.01227E-01   111.94    0.00000E+00     0.00
  -75.00     0.00      -6.50 -999.99   -6.50    0.00000     0.00  LINEAR    1.09328E-01   122.79    0.00000E+00     0.00
  -74.00     0.00      -5.78 -999.99   -5.78    0.00000     0.00  LINEAR    1.18747E-01   133.44    0.00000E+00     0.00
  -73.00     0.00      -5.04 -999.99   -5.04    0.00000     0.00  LINEAR    1.29358E-01   143.80    0.00000E+00     0.00
  -72.00     0.00      -4.29 -999.99   -4.29    0.00000     0.00  LINEAR    1.40932E-01   153.84    0.00000E+00     0.00
  -71.00     0.00      -3.57 -999.99   -3.57    0.00000     0.00  LINEAR    1.53162E-01   163.56    0.00000E+00     0.00
  -70.00     0.00      -2.89 -999.99   -2.89    0.00000     0.00  LINEAR    1.65682E-01   173.01    0.00000E+00     0.00
  -69.00     0.00      -2.26 -999.99   -2.26    0.00000     0.00  LINEAR    1.78075E-01  -177.77    0.00000E+00     0.00
  -68.00     0.00      -1.70 -999.99   -1.70    0.00000     0.00  LINEAR    1.89892E-01  -168.72    0.00000E+00     0.00
  -67.00     0.00      -1.22 -999.99   -1.22    0.00000     0.00  LINEAR    2.00658E-01  -159.78    0.00000E+00     0.00
  -66.00     0.00      -0.83 -999.99   -0.83    0.00000     0.00  LINEAR    2.09880E-01  -150.91    0.00000E+00     0.00
  -65.00     0.00      -0.54 -999.99   -0.54    0.00000     0.00  LINEAR    2.17060E-01  -142.07    0.00000E+00     0.00
  -64.00     0.00      -0.36 -999.99   -0.36    0.00000     0.00  LINEAR    2.21707E-01  -133.20    0.00000E+00     0.00
  -63.00     0.00      -0.29 -999.99   -0.29    0.00000     0.00  LINEAR    2.23353E-01  -124.30    0.00000E+00     0.00
  -62.00     0.00      -0.36 -999.99   -0.36    0.00000     0.00  LINEAR    2.21570E-01  -115.31    0.00000E+00     0.00
  -61.00     0.00      -0.58 -999.99   -0.58    0.00000     0.00  LINEAR    2.15984E-01  -106.24    0.00000E+00     0.00
  -60.00     0.00      -0.98 -999.99   -0.98    0.00000     0.00  LINEAR    2.06304E-01   -97.05    0.00000E+00     0.00
  -59.00     0.00      -1.59 -999.99   -1.59    0.00000     0.00  LINEAR    1.92337E-01   -87.73    0.00000E+00     0.00
  -58.00     0.00      -2.46 -999.99   -2.46    0.00000     0.00  LINEAR    1.74011E-01   -78.28    0.00000E+00     0.00
  -57.00     0.00      -3.67 -999.99   -3.67    0.00000     0.00  LINEAR    1.51393E-01   -68.66    0.00000E+00     0.00
  -56.00     0.00      -5.35 -999.99   -5.35    0.00000     0.00  LINEAR    1.24707E-01   -58.89    0.00000E+00     0.00
  -55.00     0.00      -7.78 -999.99   -7.78    0.00000     0.00  LINEAR    9.43479E-02   -48.94    0.00000E+00     0.00
  -54.00     0.00     -11.58 -999.99  -11.58    0.00000     0.00  LINEAR    6.08861E-02   -38.78    0.00000E+00     0.00
  -53.00     0.00     -19.29 -999.99  -19.29    0.00000     0.00  LINEAR    2.50693E-02   -28.24    0.00000E+00     0.00
  -52.00     0.00     -25.55 -999.99  -25.55    0.00000     0.00  LINEAR    1.21894E-02   160.75    0.00000E+00     0.00
  -51.00     0.00     -13.33 -999.99  -13.33    0.00000     0.00  LINEAR    4.98148E-02   172.10    0.00000E+00     0.00
  -50.00     0.00      -8.52 -999.99   -8.52    0.00000     0.00  LINEAR    8.66188E-02  -177.01    0.00000E+00     0.00
  -49.00     0.00      -5.59 -999.99   -5.59    0.00000     0.00  LINEAR    1.21320E-01  -166.00    0.00000E+00     0.00
  -48.00     0.00      -3.60 -999.99   -3.60    0.00000     0.00  LINEAR    1.52596E-01  -154.83    0.00000E+00     0.00
  -47.00     0.00      -2.21 -999.99   -2.21    0.00000     0.00  LINEAR    1.79141E-01  -143.48    0.00000E+00     0.00
  -46.00     0.00      -1.26 -999.99   -1.26    0.00000     0.00  LINEAR    1.99726E-01  -131.97    0.00000E+00     0.00
  -45.00     0.00      -0.69 -999.99   -0.69    0.00000     0.00  LINEAR    2.13263E-01  -120.28    0.00000E+00     0.00
  -44.00     0.00      -0.47 -999.99   -0.47    0.00000     0.00  LINEAR    2.18880E-01  -108.42    0.00000E+00     0.00
  -43.00     0.00      -0.58 -999.99   -0.58    0.00000     0.00  LINEAR    2.15979E-01   -96.40    0.00000E+00     0.00
  -42.00     0.00      -1.07 -999.99   -1.07    0.00000     0.00  LINEAR    2.04298E-01   -84.21    0.00000E+00     0.00
  -41.00     0.00      -1.98 -999.99   -1.98    0.00000     0.00  LINEAR    1.83960E-01   -71.86    0.00000E+00     0.00
  -40.00     0.00      -3.44 -999.99   -3.44    0.00000     0.00  LINEAR    1.55499E-01   -59.37    0.00000E+00     0.00
  -39.00     0.00      -5.70 -999.99   -5.70    0.00000     0.00  LINEAR    1.19876E-01   -46.77    0.00000E+00     0.00
  -38.00     0.00      -9.38 -999.99   -9.38    0.00000     0.00  LINEAR    7.84671E-02   -34.16    0.00000E+00     0.00
  -37.00     0.00     -16.89 -999.99  -16.89    0.00000     0.00  LINEAR    3.30314E-02   -22.21    0.00000E+00     0.00
  -36.00     0.00     -24.08 -999.99  -24.08    0.00000     0.00  LINEAR    1.44412E-02   177.19    0.00000E+00     0.00
  -35.00     0.00     -11.50 -999.99  -11.50    0.00000     0.00  LINEAR    6.14974E-02  -172.76    0.00000E+00     0.00
  -34.00     0.00      -6.78 -999.99   -6.78    0.00000     0.00  LINEAR    1.05845E-01  -159.68    0.00000E+00     0.00
  -33.00     0.00      -4.04 -999.99   -4.04    0.00000     0.00  LINEAR    1.45063E-01  -146.19    0.00000E+00     0.00
  -32.00     0.00      -2.32 -999.99   -2.32    0.00000     0.00  LINEAR    1.76904E-01  -132.48    0.00000E+00     0.00
  -31.00     0.00      -1.28 -999.99   -1.28    0.00000     0.00  LINEAR    1.99420E-01  -118.59    0.00000E+00     0.00
  -30.00     0.00      -0.78 -999.99   -0.78    0.00000     0.00  LINEAR    2.11094E-01  -104.55    0.00000E+00     0.00
  -29.00     0.00      -0.79 -999.99   -0.79    0.00000     0.00  LINEAR    2.10966E-01   -90.37    0.00000E+00     0.00
  -28.00     0.00      -1.31 -999.99   -1.31    0.00000     0.00  LINEAR    1.98725E-01   -76.05    0.00000E+00     0.00
  -27.00     0.00      -2.42 -999.99   -2.42    0.00000     0.00  LINEAR    1.74773E-01   -61.60    0.00000E+00     0.00
  -26.00     0.00      -4.33 -999.99   -4.33    0.00000     0.00  LINEAR    1.40243E-01   -47.04    0.00000E+00     0.00
  -25.00     0.00      -7.54 -999.99   -7.54    0.00000     0.00  LINEAR    9.69662E-02   -32.36    0.00000E+00     0.00
  -24.00     0.00     -13.76 -999.99  -13.76    0.00000     0.00  LINEAR    4.74017E-02   -17.59    0.00000E+00     0.00
  -23.00     0.00     -32.47 -999.99  -32.47    0.00000     0.00  LINEAR    5.49695E-03   177.91    0.00000E+00     0.00
  -22.00     0.00     -11.94 -999.99  -11.94    0.00000     0.00  LINEAR    5.84462E-02  -167.55    0.00000E+00     0.00
  -21.00     0.00      -6.60 -999.99   -6.60    0.00000     0.00  LINEAR    1.08039E-01  -152.46    0.00000E+00     0.00
  -20.00     0.00      -3.69 -999.99   -3.69    0.00000     0.00  LINEAR    1.50967E-01  -137.25    0.00000E+00     0.00
  -19.00     0.00      -1.96 -999.99   -1.96    0.00000     0.00  LINEAR    1.84254E-01  -121.95    0.00000E+00     0.00
  -18.00     0.00      -1.02 -999.99   -1.02    0.00000     0.00  LINEAR    2.05474E-01  -106.56    0.00000E+00     0.00
  -17.00     0.00      -0.71 -999.99   -0.71    0.00000     0.00  LINEAR    2.12951E-01   -91.07    0.00000E+00     0.00
  -16.00     0.00      -1.00 -999.99   -1.00    0.00000     0.00  LINEAR    2.05903E-01   -75.50    0.00000E+00     0.00
  -15.00     0.00      -1.95 -999.99   -1.95    0.00000     0.00  LINEAR    1.84537E-01   -59.83    0.00000E+00     0.00
  -14.00     0.00      -3.75 -999.99   -3.75    0.00000     0.00  LINEAR    1.50077E-01   -44.05    0.00000E+00     0.00
  -13.00     0.00      -6.87 -999.99   -6.87    0.00000     0.00  LINEAR    1.04706E-01   -28.08    0.00000E+00     0.00
  -12.00     0.00     -13.04 -999.99  -13.04    0.00000     0.00  LINEAR    5.14538E-02   -11.51    0.00000E+00     0.00
  -11.00     0.00     -31.43 -999.99  -31.43    0.00000     0.00  LINEAR    6.19337E-03   170.15    0.00000E+00     0.00
  -10.00     0.00     -11.19 -999.99  -11.19    0.00000     0.00  LINEAR    6.36843E-02  -162.49    0.00000E+00     0.00
   -9.00     0.00      -5.89 -999.99   -5.89    0.00000     0.00  LINEAR    1.17278E-01  -145.98    0.00000E+00     0.00
   -8.00     0.00      -3.04 -999.99   -3.04    0.00000     0.00  LINEAR    1.62871E-01  -129.80    0.00000E+00     0.00
   -7.00     0.00      -1.38 -999.99   -1.38    0.00000     0.00  LINEAR    1.96988E-01  -113.68    0.00000E+00     0.00
   -6.00     0.00      -0.55 -999.99   -0.55    0.00000     0.00  LINEAR    2.16932E-01   -97.55    0.00000E+00     0.00
   -5.00     0.00      -0.38 -999.99   -0.38    0.00000     0.00  LINEAR    2.21007E-01   -81.40    0.00000E+00     0.00
   -4.00     0.00      -0.88 -999.99   -0.88    0.00000     0.00  LINEAR    2.08672E-01   -65.21    0.00000E+00     0.00
   -3.00     0.00      -2.14 -999.99   -2.14    0.00000     0.00  LINEAR    1.80605E-01   -48.93    0.00000E+00     0.00
   -2.00     0.00      -4.43 -999.99   -4.43    0.00000     0.00  LINEAR    1.38679E-01   -32.49    0.00000E+00     0.00
   -1.00     0.00      -8.60 -999.99   -8.60    0.00000     0.00  LINEAR    8.58454E-02   -15.54    0.00000E+00     0.00
    0.00     0.00     -18.97 -999.99  -18.97    0.00000     0.00  LINEAR    2.60199E-02     5.58    0.00000E+00     0.00