  -90.00     0.00     -11.20 -999.99  -11.20    0.00000     0.00  LINEAR    6.16376E-02   -45.46    0.00000E+00     0.00
  -89.00     0.00     -11.31 -999.99  -11.31    0.00000     0.00  LINEAR    6.08789E-02   -45.60    0.00000E+00     0.00
  -88.00     0.00     -11.64 -999.99  -11.64    0.00000     0.00  LINEAR    5.86119E-02   -46.06    0.00000E+00     0.00
  -87.00     0.00     -12.22 -999.99  -12.22    0.00000     0.00  LINEAR    5.48670E-02   -47.00    0.00000E+00     0.00
  -86.00     0.00     -13.07 -999.99  -13.07    0.00000     0.00  LINEAR    4.97116E-02   -48.71    0.00000E+00     0.00
  -85.00     0.00     -14.27 -999.99  -14.27    0.00000     0.00  LINEAR    4.32880E-02   -51.83    0.00000E+00     0.00
  -84.00     0.00     -15.90 -999.99  -15.90    0.00000     0.00  LINEAR    3.59176E-02   -57.69    0.00000E+00     0.00
  -83.00     0.00     -17.93 -999.99  -17.93    0.00000     0.00  LINEAR    2.84120E-02   -69.24    0.00000E+00     0.00
  -82.00     0.00     -19.78 -999.99  -19.78    0.00000     0.00  LINEAR    2.29603E-02   -91.68    0.00000E+00     0.00
  -81.00     0.00     -19.49 -999.99  -19.49    0.00000     0.00  LINEAR    2.37550E-02  -123.35    0.00000E+00     0.00
  -80.00     0.00     -16.82 -999.99  -16.82    0.00000     0.00  LINEAR    3.22926E-02  -146.91    0.00000E+00     0.00
  -79.00     0.00     -13.80 -999.99  -13.80    0.00000     0.00  LINEAR    4.57428E-02  -158.54    0.00000E+00     0.00
  -78.00     0.00     -11.16 -999.99  -11.16    0.00000     0.00  LINEAR    6.19876E-02  -163.51    0.00000E+00     0.00
  -77.00     0.00      -8.93 -999.99   -8.93    0.00000     0.00  LINEAR    8.00906E-02  -165.03    0.00000E+00     0.00
  -76.00     0.00      -7.04 -999.99   -7.04    0.00000     0.00  LINEAR    9.95634E-02  -164.59    0.00000E+00     0.00
  -75.00     0.00      -5.41 -999.99   -5.41    0.00000     0.00  LINEAR    1.20057E-01  -162.90    0.00000E+00     0.00
  -74.00     0.00      -4.00 -999.99   -4.00    0.00000     0.00  LINEAR    1.41255E-01  -160.34    0.00000E+00     0.00
  -73.00     0.00      -2.77 -999.99   -2.77    0.00000     0.00  LINEAR    1.62829E-01  -157.10    0.00000E+00     0.00
  -72.00     0.00      -1.69 -999.99   -1.69    0.00000     0.00  LINEAR    1.84422E-01  -153.33    0.00000E+00     0.00
  -71.00     0.00      -0.74 -999.99   -0.74    0.00000     0.00  LINEAR    2.05642E-01  -149.09    0.00000E+00     0.00
  -70.00     0.00       0.08 -999.99    0.08    0.00000     0.00  LINEAR    2.26055E-01  -144.46    0.00000E+00     0.00
  -69.00     0.00       0.79 -999.99    0.79    0.00000     0.00  LINEAR    2.45193E-01  -139.45    0.00000E+00     0.00
  -68.00     0.00       1.38 -999.99    1.38    0.00000     0.00  LINEAR    2.62552E-01  -134.11    0.00000E+00     0.00
  -67.00     0.00       1.87 -999.99    1.87    0.00000     0.00  LINEAR    2.77603E-01  -128.45    0.00000E+00     0.00
  -66.00     0.00       2.24 -999.99    2.24    0.00000     0.00  LINEAR    2.89806E-01  -122.49    0.00000E+00     0.00
  -65.00     0.00       2.50 -999.99    2.50    0.00000     0.00  LINEAR    2.98616E-01  -116.26    0.00000E+00     0.00
  -64.00     0.00       2.64 -999.99    2.64    0.00000     0.00  LINEAR    3.03506E-01  -109.76    0.00000E+00     0.00
  -63.00     0.00       2.66 -999.99    2.66    0.00000     0.00  LINEAR    3.03986E-01  -103.00    0.00000E+00     0.00
  -62.00     0.00       2.53 -999.99    2.53    0.00000     0.00  LINEAR    2.99621E-01   -96.02    0.00000E+00     0.00
  -61.00     0.00       2.25 -999.99    2.25    0.00000     0.00  LINEAR    2.90061E-01   -88.82    0.00000E+00     0.00
  -60.00     0.00       1.79 -999.99    1.79    0.00000     0.00  LINEAR    2.75062E-01   -81.44    0.00000E+00     0.00
  -59.00     0.00       1.11 -999.99    1.11    0.00000     0.00  LINEAR    2.54513E-01   -73.92    0.00000E+00     0.00
  -58.00     0.00       0.17 -999.99    0.17    0.00000     0.00  LINEAR    2.28464E-01   -66.31    0.00000E+00     0.00
  -57.00     0.00      -1.11 -999.99   -1.11    0.00000     0.00  LINEAR    1.97147E-01   -58.75    0.00000E+00     0.00
  -56.00     0.00      -2.86 -999.99   -2.86    0.00000     0.00  LINEAR    1.61015E-01   -51.47    0.00000E+00     0.00
  -55.00     0.00      -5.36 -999.99   -5.36    0.00000     0.00  LINEAR    1.20788E-01   -45.06    0.00000E+00     0.00
  -54.00     0.00      -9.20 -999.99   -9.20    0.00000     0.00  LINEAR    7.76535E-02   -41.53    0.00000E+00     0.00
  -53.00     0.00     -16.12 -999.99  -16.12    0.00000     0.00  LINEAR    3.50039E-02   -52.94    0.00000E+00     0.00
  -52.00     0.00     -17.91 -999.99  -17.91    0.00000     0.00  LINEAR    2.84844E-02  -140.63    0.00000E+00     0.00
  -51.00     0.00     -10.05 -999.99  -10.05    0.00000     0.00  LINEAR    7.03884E-02  -160.29    0.00000E+00     0.00
  -50.00     0.00      -5.77 -999.99   -5.77    0.00000     0.00  LINEAR    1.15188E-01  -157.04    0.00000E+00     0.00
  -49.00     0.00      -3.06 -999.99   -3.06    0.00000     0.00  LINEAR    1.57472E-01  -149.64    0.00000E+00     0.00
  -48.00     0.00      -1.19 -999.99   -1.19    0.00000     0.00  LINEAR    1.95151E-01  -140.72    0.00000E+00     0.00
  -47.00     0.00       0.10 -999.99    0.10    0.00000     0.00  LINEAR    2.26542E-01  -131.00    0.00000E+00     0.00
  -46.00     0.00       0.96 -999.99    0.96    0.00000     0.00  LINEAR    2.50169E-01  -120.78    0.00000E+00     0.00
  -45.00     0.00       1.46 -999.99    1.46    0.00000     0.00  LINEAR    2.64791E-01  -110.20    0.00000E+00     0.00
  -44.00     0.00       1.61 -999.99    1.61    0.00000     0.00  LINEAR    2.69464E-01   -99.33    0.00000E+00     0.00
  -43.00     0.00       1.42 -999.99    1.42    0.00000     0.00  LINEAR    2.63606E-01   -88.24    0.00000E+00     0.00
  -42.00     0.00       0.85 -999.99    0.85    0.00000     0.00  LINEAR    2.47066E-01   -77.00    0.00000E+00     0.00
  -41.00     0.00      -0.15 -999.99   -0.15    0.00000     0.00  LINEAR    2.20165E-01   -65.68    0.00000E+00     0.00
  -40.00     0.00      -1.72 -999.99   -1.72    0.00000     0.00  LINEAR    1.83736E-01   -54.43    0.00000E+00     0.00
  -39.00     0.00      -4.13 -999.99   -4.13    0.00000     0.00  LINEAR    1.39136E-01   -43.62    0.00000E+00     0.00
  -38.00     0.00      -8.08 -999.99   -8.08    0.00000     0.00  LINEAR    8.83015E-02   -34.45    0.00000E+00     0.00
  -37.00     0.00     -16.24 -999.99  -16.24    0.00000     0.00  LINEAR    3.45311E-02   -35.94    0.00000E+00     0.00
  -36.00     0.00     -17.88 -999.99  -17.88    0.00000     0.00  LINEAR    2.85707E-02  -152.63    0.00000E+00     0.00
  -35.00     0.00      -8.69 -999.99   -8.69    0.00000     0.00  LINEAR    8.23550E-02  -158.25    0.00000E+00     0.00
  -34.00     0.00      -4.46 -999.99   -4.46    0.00000     0.00  LINEAR    1.33957E-01  -148.80    0.00000E+00     0.00
  -33.00     0.00      -1.94 -999.99   -1.94    0.00000     0.00  LINEAR    1.79029E-01  -137.04    0.00000E+00     0.00
  -32.00     0.00      -0.36 -999.99   -0.36    0.00000     0.00  LINEAR    2.14833E-01  -124.43    0.00000E+00     0.00
  -31.00     0.00       0.57 -999.99    0.57    0.00000     0.00  LINEAR    2.39154E-01  -111.36    0.00000E+00     0.00
  -30.00     0.00       0.97 -999.99    0.97    0.00000     0.00  LINEAR    2.50357E-01   -97.99    0.00000E+00     0.00
  -29.00     0.00       0.87 -999.99    0.87    0.00000     0.00  LINEAR    2.47504E-01   -84.42    0.00000E+00     0.00
  -28.00     0.00       0.25 -999.99    0.25    0.00000     0.00  LINEAR    2.30447E-01   -70.71    0.00000E+00     0.00
  -27.00     0.00      -0.99 -999.99   -0.99    0.00000     0.00  LINEAR    1.99883E-01   -56.94    0.00000E+00     0.00
  -26.00     0.00      -3.06 -999.99   -3.06    0.00000     0.00  LINEAR    1.57357E-01   -43.28    0.00000E+00     0.00
  -25.00     0.00      -6.56 -999.99   -6.56    0.00000     0.00  LINEAR    1.05232E-01   -30.17    0.00000E+00     0.00
  -24.00     0.00     -13.61 -999.99  -13.61    0.00000     0.00  LINEAR    4.67022E-02   -20.47    0.00000E+00     0.00
  -23.00     0.00     -22.28 -999.99  -22.28    0.00000     0.00  LINEAR    1.72143E-02  -153.20    0.00000E+00     0.00
  -22.00     0.00      -9.25 -999.99   -9.25    0.00000     0.00  LINEAR    7.71569E-02  -157.23    0.00000E+00     0.00
  -21.00     0.00      -4.50 -999.99   -4.50    0.00000     0.00  LINEAR    1.33407E-01  -144.55    0.00000E+00     0.00
  -20.00     0.00      -1.84 -999.99   -1.84    0.00000     0.00  LINEAR    1.81264E-01  -130.37    0.00000E+00     0.00
  -19.00     0.00      -0.26 -999.99   -0.26    0.00000     0.00  LINEAR    2.17364E-01  -115.68    0.00000E+00     0.00
  -18.00     0.00       0.57 -999.99    0.57    0.00000     0.00  LINEAR    2.39089E-01  -100.72    0.00000E+00     0.00
  -17.00     0.00       0.77 -999.99    0.77    0.00000     0.00  LINEAR    2.44735E-01   -85.58    0.00000E+00     0.00
  -16.00     0.00       0.37 -999.99    0.37    0.00000     0.00  LINEAR    2.33660E-01   -70.32    0.00000E+00     0.00
  -15.00     0.00      -0.71 -999.99   -0.71    0.00000     0.00  LINEAR    2.06369E-01   -54.96    0.00000E+00     0.00
  -14.00     0.00      -2.68 -999.99   -2.68    0.00000     0.00  LINEAR    1.64518E-01   -39.56    0.00000E+00     0.00
  -13.00     0.00      -6.11 -999.99   -6.11    0.00000     0.00  LINEAR    1.10831E-01   -24.23    0.00000E+00     0.00
  -12.00     0.00     -13.21 -999.99  -13.21    0.00000     0.00  LINEAR    4.89495E-02    -9.60    0.00000E+00     0.00
  -11.00     0.00     -22.42 -999.99  -22.42    0.00000     0.00  LINEAR    1.69559E-02  -166.47    0.00000E+00     0.00
  -10.00     0.00      -8.73 -999.99   -8.73    0.00000     0.00  LINEAR    8.19249E-02  -154.99    0.00000E+00     0.00
   -9.00     0.00      -3.99 -999.99   -3.99    0.00000     0.00  LINEAR    1.41463E-01  -139.58    0.00000E+00     0.00
   -8.00     0.00      -1.38 -999.99   -1.38    0.00000     0.00  LINEAR    1.91113E-01  -123.80    0.00000E+00     0.00
   -7.00     0.00       0.12 -999.99    0.12    0.00000     0.00  LINEAR    2.27113E-01  -107.88    0.00000E+00     0.00
   -6.00     0.00       0.84 -999.99    0.84    0.00000     0.00  LINEAR    2.46642E-01   -91.87    0.00000E+00     0.00
   -5.00     0.00       0.89 -999.99    0.89    0.00000     0.00  LINEAR    2.48058E-01   -75.78    0.00000E+00     0.00
   -4.00     0.00       0.27 -999.99    0.27    0.00000     0.00  LINEAR    2.31040E-01   -59.60    0.00000E+00     0.00
   -3.00     0.00      -1.13 -999.99   -1.13    0.00000     0.00  LINEAR    1.96637E-01   -43.31    0.00000E+00     0.00
   -2.00     0.00      -3.64 -999.99   -3.64    0.00000     0.00  LINEAR    1.47222E-01   -26.79    0.00000E+00     0.00
   -1.00     0.00      -8.28 -999.99   -8.28    0.00000     0.00  LINEAR    8.63311E-02    -9.61    0.00000E+00     0.00
    0.00     0.00     -21.60 -999.99  -21.60    0.00000     0.00  LINEAR    1.86347E-02    15.56    0.00000E+00     0.00