 -180.00     0.00       1.08    1.08    4.09    0.72638   -45.00  RIGHT     3.00329E-01    23.91    3.00329E-01   -84.10
 -179.00     0.00       1.07    1.08    4.08    0.72631   -45.06  RIGHT     3.00120E-01    23.92    3.00329E-01   -84.10
 -178.00     0.00       1.05    1.08    4.07    0.72610   -45.26  RIGHT     2.99495E-01    23.94    3.00329E-01   -84.09
 -177.00     0.00       1.02    1.08    4.06    0.72573   -45.58  RIGHT     2.98456E-01    23.98    3.00329E-01   -84.08
 -176.00     0.00       0.98    1.08    4.04    0.72515   -46.03  RIGHT     2.97008E-01    24.04    3.00329E-01   -84.06
 -175.00     0.00       0.93    1.08    4.01    0.72433   -46.60  RIGHT     2.95154E-01    24.11    3.00329E-01   -84.03
 -174.00     0.00       0.86    1.08    3.98    0.72320   -47.29  RIGHT     2.92903E-01    24.19    3.00329E-01   -84.00
 -173.00     0.00       0.78    1.08    3.94    0.72168   -48.10  RIGHT     2.90264E-01    24.30    3.00329E-01   -83.97
 -172.00     0.00       0.69    1.08    3.90    0.71970   -49.03  RIGHT     2.87244E-01    24.42    3.00329E-01   -83.93
 -171.00     0.00       0.59    1.08    3.85    0.71716   -50.06  RIGHT     2.83857E-01    24.56    3.00329E-01   -83.88
 -170.00     0.00       0.47    1.08    3.79    0.71396   -51.18  RIGHT     2.80115E-01    24.71    3.00329E-01   -83.83
 -169.00     0.00       0.34    1.08    3.74    0.71000   -52.40  RIGHT     2.76031E-01    24.89    3.00329E-01   -83.77
 -168.00     0.00       0.20    1.08    3.67    0.70520   -53.68  RIGHT     2.71620E-01    25.08    3.00329E-01   -83.71
 -167.00     0.00       0.05    1.08    3.60    0.69946   -55.01  RIGHT     2.66898E-01    25.29    3.00329E-01   -83.64
 -166.00     0.00      -0.11    1.08    3.53    0.69270   -56.39  RIGHT     2.61883E-01    25.53    3.00329E-01   -83.57
 -165.00     0.00      -0.29    1.08    3.46    0.68487   -57.79  RIGHT     2.56592E-01    25.78    3.00329E-01   -83.49
 -164.00     0.00      -0.48    1.08    3.38    0.67591   -59.20  RIGHT     2.51044E-01    26.06    3.00329E-01   -83.40
 -163.00     0.00      -0.68    1.08    3.30    0.66580   -60.60  RIGHT     2.45258E-01    26.36    3.00329E-01   -83.31
 -162.00     0.00      -0.90    1.08    3.21    0.65454   -61.98  RIGHT     2.39254E-01    26.69    3.00329E-01   -83.22
 -161.00     0.00      -1.13    1.08    3.12    0.64214   -63.32  RIGHT     2.33054E-01    27.04    3.00329E-01   -83.12
 -160.00     0.00      -1.37    1.08    3.03    0.62864   -64.61  RIGHT     2.26677E-01    27.42    3.00329E-01   -83.01
 -159.00     0.00      -1.62    1.08    2.94    0.61408   -65.86  RIGHT     2.20145E-01    27.83    3.00329E-01   -82.90
 -158.00     0.00      -1.89    1.08    2.85    0.59854   -67.04  RIGHT     2.13479E-01    28.27    3.00329E-01   -82.79
 -157.00     0.00      -2.17    1.08    2.76    0.58209   -68.16  RIGHT     2.06701E-01    28.75    3.00329E-01   -82.67
 -156.00     0.00      -2.46    1.08    2.67    0.56481   -69.22  RIGHT     1.99833E-01    29.26    3.00329E-01   -82.54
 -155.00     0.00      -2.77    1.08    2.58    0.54679   -70.21  RIGHT     1.92897E-01    29.81    3.00329E-01   -82.41
 -154.00     0.00      -3.09    1.08    2.48    0.52813   -71.14  RIGHT     1.85912E-01    30.40    3.00329E-01   -82.28
 -153.00     0.00      -3.42    1.08    2.39    0.50892   -72.00  RIGHT     1.78902E-01    31.03    3.00329E-01   -82.14
 -152.00     0.00      -3.77    1.08    2.31    0.48925   -72.81  RIGHT     1.71886E-01    31.71    3.00329E-01   -81.99
 -151.00     0.00      -4.13    1.08    2.22    0.46921   -73.56  RIGHT     1.64886E-01    32.44    3.00329E-01   -81.84
 -150.00     0.00      -4.51    1.08    2.14    0.44890   -74.26  RIGHT     1.57920E-01    33.22    3.00329E-01   -81.69
 -149.00     0.00      -4.90    1.08    2.05    0.42840   -74.91  RIGHT     1.51010E-01    34.06    3.00329E-01   -81.53
 -148.00     0.00      -5.30    1.08    1.98    0.40780   -75.52  RIGHT     1.44173E-01    34.97    3.00329E-01   -81.36
 -147.00     0.00      -5.71    1.08    1.90    0.38717   -76.08  RIGHT     1.37429E-01    35.95    3.00329E-01   -81.19
 -146.00     0.00      -6.14    1.08    1.83    0.36659   -76.60  RIGHT     1.30795E-01    37.00    3.00329E-01   -81.02
 -145.00     0.00      -6.59    1.08    1.76    0.34614   -77.09  RIGHT     1.24289E-01    38.13    3.00329E-01   -80.84
 -144.00     0.00      -7.04    1.08    1.70    0.32587   -77.54  RIGHT     1.17927E-01    39.35    3.00329E-01   -80.66
 -143.00     0.00      -7.51    1.08    1.64    0.30585   -77.97  RIGHT     1.11725E-01    40.67    3.00329E-01   -80.47
 -142.00     0.00      -7.99    1.08    1.58    0.28614   -78.36  RIGHT     1.05699E-01    42.09    3.00329E-01   -80.28
 -141.00     0.00      -8.49    1.08    1.53    0.26679   -78.73  RIGHT     9.98617E-02    43.62    3.00329E-01   -80.09
 -140.00     0.00      -8.99    1.08    1.48    0.24785   -79.08  RIGHT     9.42283E-02    45.28    3.00329E-01   -79.89
 -139.00     0.00      -9.51    1.08    1.44    0.22936   -79.40  RIGHT     8.88113E-02    47.06    3.00329E-01   -79.68
 -138.00     0.00     -10.03    1.08    1.40    0.21137   -79.71  RIGHT     8.36230E-02    48.99    3.00329E-01   -79.47
 -137.00     0.00     -10.56    1.08    1.36    0.19390   -80.00  RIGHT     7.86745E-02    51.07    3.00329E-01   -79.26
 -136.00     0.00     -11.09    1.08    1.33    0.17699   -80.27  RIGHT     7.39763E-02    53.31    3.00329E-01   -79.05
 -135.00     0.00     -11.63    1.08    1.30    0.16067   -80.53  RIGHT     6.95376E-02    55.72    3.00329E-01   -78.82
 -134.00     0.00     -12.17    1.08    1.28    0.14496   -80.77  RIGHT     6.53666E-02    58.30    3.00329E-01   -78.60
 -133.00     0.00     -12.70    1.08    1.25    0.12988   -81.01  RIGHT     6.14698E-02    61.07    3.00329E-01   -78.37
 -132.00     0.00     -13.23    1.08    1.23    0.11545   -81.23  RIGHT     5.78521E-02    64.02    3.00329E-01   -78.14
 -131.00     0.00     -13.75    1.08    1.22    0.10168   -81.45  RIGHT     5.45164E-02    67.16    3.00329E-01   -77.91
 -130.00     0.00     -14.25    1.08    1.20    0.08859   -81.65  RIGHT     5.14631E-02    70.46    3.00329E-01   -77.67
 -129.00     0.00     -14.73    1.08    1.19    0.07617   -81.85  RIGHT     4.86898E-02    73.93    3.00329E-01   -77.42
 -128.00     0.00     -15.18    1.08    1.18    0.06444   -82.05  RIGHT     4.61911E-02    77.54    3.00329E-01   -77.18
 -127.00     0.00     -15.62    1.08    1.17    0.05340   -82.24  RIGHT     4.39577E-02    81.26    3.00329E-01   -76.93
 -126.00     0.00     -16.02    1.08    1.16    0.04304   -82.43  RIGHT     4.19769E-02    85.06    3.00329E-01   -76.68
 -125.00     0.00     -16.38    1.08    1.15    0.03336   -82.61  RIGHT     4.02325E-02    88.91    3.00329E-01   -76.42
 -124.00     0.00     -16.72    1.08    1.15    0.02436   -82.79  RIGHT     3.87047E-02    92.77    3.00329E-01   -76.16
 -123.00     0.00     -17.03    1.08    1.14    0.01602   -82.97  RIGHT     3.73711E-02    96.59    3.00329E-01   -75.90
 -122.00     0.00     -17.30    1.08    1.14    0.00835   -83.14  RIGHT     3.62070E-02   100.34    3.00329E-01   -75.63
 -121.00     0.00     -17.55    1.08    1.14    0.00132   -83.32  RIGHT     3.51866E-02   103.98    3.00329E-01   -75.37
 -120.00     0.00     -17.77    1.08    1.13    0.00507   -83.49  LEFT      3.42838E-02   107.48    3.00329E-01   -75.09
 -119.00     0.00     -17.98    1.08    1.13    0.01083   -83.67  LEFT      3.34729E-02   110.83    3.00329E-01   -74.82
 -118.00     0.00     -18.18    1.08    1.13    0.01599   -83.85  LEFT      3.27296E-02   113.99    3.00329E-01   -74.54
 -117.00     0.00     -18.36    1.08    1.13    0.02057   -84.03  LEFT      3.20312E-02   116.98    3.00329E-01   -74.27
 -116.00     0.00     -18.55    1.08    1.12    0.02457   -84.21  LEFT      3.13574E-02   119.77    3.00329E-01   -73.98
 -115.00     0.00     -18.74    1.08    1.12    0.02802   -84.39  LEFT      3.06901E-02   122.37    3.00329E-01   -73.70
 -114.00     0.00     -18.93    1.08    1.12    0.03093   -84.57  LEFT      3.00140E-02   124.78    3.00329E-01   -73.41
 -113.00     0.00     -19.13    1.08    1.12    0.03333   -84.76  LEFT      2.93158E-02   127.02    3.00329E-01   -73.13
 -112.00     0.00     -19.35    1.08    1.12    0.03525   -84.95  LEFT      2.85847E-02   129.08    3.00329E-01   -72.84
 -111.00     0.00     -19.59    1.08    1.11    0.03669   -85.14  LEFT      2.78122E-02   130.98    3.00329E-01   -72.54
 -110.00     0.00     -19.85    1.08    1.11    0.03768   -85.34  LEFT      2.69915E-02   132.72    3.00329E-01   -72.25
 -109.00     0.00     -20.14    1.08    1.11    0.03826   -85.53  LEFT      2.61176E-02   134.32    3.00329E-01   -71.95
 -108.00     0.00     -20.45    1.08    1.11    0.03843   -85.74  LEFT      2.51869E-02   135.78    3.00329E-01   -71.65
 -107.00     0.00     -20.80    1.08    1.10    0.03822   -85.94  LEFT      2.41974E-02   137.12    3.00329E-01   -71.35
 -106.00     0.00     -21.19    1.08    1.10    0.03765   -86.15  LEFT      2.31480E-02   138.34    3.00329E-01   -71.05
 -105.00     0.00     -21.61    1.08    1.10    0.03676   -86.37  LEFT      2.20388E-02   139.45    3.00329E-01   -70.75
 -104.00     0.00     -22.09    1.08    1.10    0.03556   -86.58  LEFT      2.08705E-02   140.45    3.00329E-01   -70.45
 -103.00     0.00     -22.61    1.08    1.09    0.03408   -86.80  LEFT      1.96447E-02   141.37    3.00329E-01   -70.14
 -102.00     0.00     -23.20    1.08    1.09    0.03234   -87.03  LEFT      1.83637E-02   142.19    3.00329E-01   -69.83
 -101.00     0.00     -23.85    1.08    1.09    0.03036   -87.26  LEFT      1.70302E-02   142.93    3.00329E-01   -69.53
 -100.00     0.00     -24.59    1.08    1.09    0.02817   -87.49  LEFT      1.56473E-02   143.59    3.00329E-01   -69.22
  -99.00     0.00     -25.42    1.08    1.09    0.02580   -87.73  LEFT      1.42186E-02   144.17    3.00329E-01   -68.91
  -98.00     0.00     -26.37    1.08    1.08    0.02326   -87.97  LEFT      1.27478E-02   144.69    3.00329E-01   -68.60
  -97.00     0.00     -27.46    1.08    1.08    0.02059   -88.21  LEFT      1.12392E-02   145.13    3.00329E-01   -68.28
  -96.00     0.00     -28.74    1.08    1.08    0.01780   -88.46  LEFT      9.69709E-03   145.51    3.00329E-01   -67.97
  -95.00     0.00     -30.28    1.08    1.08    0.01492   -88.71  LEFT      8.12589E-03   145.83    3.00329E-01   -67.66
  -94.00     0.00     -32.18    1.08    1.08    0.01198   -88.96  LEFT      6.53028E-03   146.09    3.00329E-01   -67.34
  -93.00     0.00     -34.65    1.08    1.08    0.00899   -89.22  LEFT      4.91501E-03   146.29    3.00329E-01   -67.03
  -92.00     0.00     -38.15    1.08    1.08    0.00598   -89.48  LEFT      3.28493E-03   146.43    3.00329E-01   -66.72
  -91.00     0.00     -44.15    1.08    1.08    0.00298   -89.74  LEFT      1.64495E-03   146.51    3.00329E-01   -66.40
  -90.00     0.00    -999.99    1.08    1.08    0.00000   -90.00  LINEAR    4.81232E-13   146.54    3.00329E-01   -66.09
  -89.00     0.00     -44.15    1.08    1.08    0.00293    89.73  RIGHT     1.64495E-03   -33.49    3.00329E-01   -65.77
  -88.00     0.00     -38.15    1.08    1.08    0.00578    89.47  RIGHT     3.28493E-03   -33.57    3.00329E-01   -65.46
  -87.00     0.00     -34.65    1.08    1.08    0.00853    89.20  RIGHT     4.91501E-03   -33.71    3.00329E-01   -65.15
  -86.00     0.00     -32.18    1.08    1.08    0.01117    88.93  RIGHT     6.53028E-03   -33.91    3.00329E-01   -64.83
  -85.00     0.00     -30.28    1.08    1.08    0.01366    88.66  RIGHT     8.12589E-03   -34.17    3.00329E-01   -64.52
  -84.00     0.00     -28.74    1.08    1.08    0.01599    88.39  RIGHT     9.69709E-03   -34.49    3.00329E-01   -64.21
  -83.00     0.00     -27.46    1.08    1.08    0.01814    88.13  RIGHT     1.12392E-02   -34.87    3.00329E-01   -63.89
  -82.00     0.00     -26.37    1.08    1.08    0.02007    87.86  RIGHT     1.27478E-02   -35.31    3.00329E-01   -63.58
  -81.00     0.00     -25.42    1.08    1.09    0.02178    87.59  RIGHT     1.42186E-02   -35.83    3.00329E-01   -63.27
  -80.00     0.00     -24.59    1.08    1.09    0.02324    87.33  RIGHT     1.56473E-02   -36.41    3.00329E-01   -62.96
  -79.00     0.00     -23.85    1.08    1.09    0.02442    87.07  RIGHT     1.70302E-02   -37.07    3.00329E-01   -62.65
  -78.00     0.00     -23.20    1.08    1.09    0.02531    86.81  RIGHT     1.83637E-02   -37.81    3.00329E-01   -62.34
  -77.00     0.00     -22.61    1.08    1.09    0.02589    86.56  RIGHT     1.96447E-02   -38.63    3.00329E-01   -62.04
  -76.00     0.00     -22.09    1.08    1.10    0.02613    86.32  RIGHT     2.08705E-02   -39.55    3.00329E-01   -61.73
  -75.00     0.00     -21.61    1.08    1.10    0.02602    86.07  RIGHT     2.20388E-02   -40.55    3.00329E-01   -61.43
  -74.00     0.00     -21.19    1.08    1.10    0.02554    85.84  RIGHT     2.31480E-02   -41.66    3.00329E-01   -61.12
  -73.00     0.00     -20.80    1.08    1.10    0.02467    85.61  RIGHT     2.41974E-02   -42.88    3.00329E-01   -60.82
  -72.00     0.00     -20.45    1.08    1.11    0.02339    85.40  RIGHT     2.51869E-02   -44.22    3.00329E-01   -60.52
  -71.00     0.00     -20.14    1.08    1.11    0.02168    85.19  RIGHT     2.61176E-02   -45.68    3.00329E-01   -60.22
  -70.00     0.00     -19.85    1.08    1.11    0.01953    84.99  RIGHT     2.69915E-02   -47.28    3.00329E-01   -59.93
  -69.00     0.00     -19.59    1.08    1.11    0.01691    84.80  RIGHT     2.78122E-02   -49.02    3.00329E-01   -59.63
  -68.00     0.00     -19.35    1.08    1.12    0.01381    84.62  RIGHT     2.85847E-02   -50.92    3.00329E-01   -59.34
  -67.00     0.00     -19.13    1.08    1.12    0.01022    84.46  RIGHT     2.93158E-02   -52.98    3.00329E-01   -59.05
  -66.00     0.00     -18.93    1.08    1.12    0.00612    84.30  RIGHT     3.00140E-02   -55.22    3.00329E-01   -58.76
  -65.00     0.00     -18.74    1.08    1.12    0.00149    84.17  RIGHT     3.06901E-02   -57.63    3.00329E-01   -58.48
  -64.00     0.00     -18.55    1.08    1.12    0.00368    84.04  LEFT      3.13574E-02   -60.23    3.00329E-01   -58.19
  -63.00     0.00     -18.36    1.08    1.13    0.00940    83.94  LEFT      3.20312E-02   -63.02    3.00329E-01   -57.91
  -62.00     0.00     -18.18    1.08    1.13    0.01569    83.84  LEFT      3.27296E-02   -66.01    3.00329E-01   -57.63
  -61.00     0.00     -17.98    1.08    1.13    0.02256    83.77  LEFT      3.34729E-02   -69.17    3.00329E-01   -57.36
  -60.00     0.00     -17.77    1.08    1.13    0.03002    83.71  LEFT      3.42838E-02   -72.52    3.00329E-01   -57.08
  -59.00     0.00     -17.55    1.08    1.14    0.03808    83.68  LEFT      3.51866E-02   -76.02    3.00329E-01   -56.81
  -58.00     0.00     -17.30    1.08    1.14    0.04676    83.66  LEFT      3.62070E-02   -79.66    3.00329E-01   -56.54
  -57.00     0.00     -17.03    1.08    1.14    0.05606    83.66  LEFT      3.73711E-02   -83.41    3.00329E-01   -56.28
  -56.00     0.00     -16.72    1.08    1.15    0.06598    83.68  LEFT      3.87047E-02   -87.23    3.00329E-01   -56.02
  -55.00     0.00     -16.38    1.08    1.15    0.07655    83.73  LEFT      4.02325E-02   -91.09    3.00329E-01   -55.76
  -54.00     0.00     -16.02    1.08    1.16    0.08775    83.79  LEFT      4.19769E-02   -94.94    3.00329E-01   -55.50
  -53.00     0.00     -15.62    1.08    1.17    0.09960    83.88  LEFT      4.39577E-02   -98.74    3.00329E-01   -55.25
  -52.00     0.00     -15.18    1.08    1.18    0.11210    83.99  LEFT      4.61911E-02  -102.46    3.00329E-01   -55.00
  -51.00     0.00     -14.73    1.08    1.19    0.12525    84.12  LEFT      4.86898E-02  -106.07    3.00329E-01   -54.75
  -50.00     0.00     -14.25    1.08    1.20    0.13905    84.28  LEFT      5.14631E-02  -109.54    3.00329E-01   -54.51
  -49.00     0.00     -13.75    1.08    1.22    0.15349    84.46  LEFT      5.45164E-02  -112.84    3.00329E-01   -54.27
  -48.00     0.00     -13.23    1.08    1.23    0.16856    84.67  LEFT      5.78521E-02  -115.98    3.00329E-01   -54.04
  -47.00     0.00     -12.70    1.08    1.25    0.18427    84.91  LEFT      6.14698E-02  -118.93    3.00329E-01   -53.80
  -46.00     0.00     -12.17    1.08    1.28    0.20060    85.17  LEFT      6.53666E-02  -121.70    3.00329E-01   -53.58
  -45.00     0.00     -11.63    1.08    1.30    0.21752    85.46  LEFT      6.95376E-02  -124.28    3.00329E-01   -53.35
  -44.00     0.00     -11.09    1.08    1.33    0.23504    85.78  LEFT      7.39763E-02  -126.69    3.00329E-01   -53.13
  -43.00     0.00     -10.56    1.08    1.36    0.25311    86.13  LEFT      7.86745E-02  -128.93    3.00329E-01   -52.92
  -42.00     0.00     -10.03    1.08    1.40    0.27172    86.51  LEFT      8.36230E-02  -131.01    3.00329E-01   -52.70
  -41.00     0.00      -9.51    1.08    1.44    0.29084    86.93  LEFT      8.88113E-02  -132.94    3.00329E-01   -52.49
  -40.00     0.00      -8.99    1.08    1.48    0.31043    87.38  LEFT      9.42283E-02  -134.72    3.00329E-01   -52.29
  -39.00     0.00      -8.49    1.08    1.53    0.33045    87.87  LEFT      9.98617E-02  -136.38    3.00329E-01   -52.09
  -38.00     0.00      -7.99    1.08    1.58    0.35085    88.40  LEFT      1.05699E-01  -137.91    3.00329E-01   -51.89
  -37.00     0.00      -7.51    1.08    1.64    0.37159    88.98  LEFT      1.11725E-01  -139.33    3.00329E-01   -51.70
  -36.00     0.00      -7.04    1.08    1.70    0.39260    89.60  LEFT      1.17927E-01  -140.65    3.00329E-01   -51.52
  -35.00     0.00      -6.59    1.08    1.76    0.41382   -89.73  LEFT      1.24289E-01  -141.87    3.00329E-01   -51.33
  -34.00     0.00      -6.14    1.08    1.83    0.43518   -89.01  LEFT      1.30795E-01  -143.00    3.00329E-01   -51.16
  -33.00     0.00      -5.71    1.08    1.90    0.45659   -88.23  LEFT      1.37429E-01  -144.05    3.00329E-01   -50.98
  -32.00     0.00      -5.30    1.08    1.98    0.47798   -87.38  LEFT      1.44173E-01  -145.03    3.00329E-01   -50.81
  -31.00     0.00      -4.90    1.08    2.05    0.49925   -86.47  LEFT      1.51010E-01  -145.94    3.00329E-01   -50.65
  -30.00     0.00      -4.51    1.08    2.14    0.52029   -85.48  LEFT      1.57920E-01  -146.78    3.00329E-01   -50.49
  -29.00     0.00      -4.13    1.08    2.22    0.54099   -84.41  LEFT      1.64886E-01  -147.56    3.00329E-01   -50.33
  -28.00     0.00      -3.77    1.08    2.31    0.56124   -83.25  LEFT      1.71886E-01  -148.29    3.00329E-01   -50.18
  -27.00     0.00      -3.42    1.08    2.39    0.58091   -82.00  LEFT      1.78902E-01  -148.97    3.00329E-01   -50.04
  -26.00     0.00      -3.09    1.08    2.48    0.59987   -80.65  LEFT      1.85912E-01  -149.60    3.00329E-01   -49.90
  -25.00     0.00      -2.77    1.08    2.58    0.61797   -79.20  LEFT      1.92897E-01  -150.19    3.00329E-01   -49.76
  -24.00     0.00      -2.46    1.08    2.67    0.63509   -77.65  LEFT      1.99833E-01  -150.74    3.00329E-01   -49.63
  -23.00     0.00      -2.17    1.08    2.76    0.65108   -75.99  LEFT      2.06701E-01  -151.25    3.00329E-01   -49.51
  -22.00     0.00      -1.89    1.08    2.85    0.66583   -74.22  LEFT      2.13479E-01  -151.73    3.00329E-01   -49.39
  -21.00     0.00      -1.62    1.08    2.94    0.67922   -72.37  LEFT      2.20145E-01  -152.17    3.00329E-01   -49.27
  -20.00     0.00      -1.37    1.08    3.03    0.69115   -70.43  LEFT      2.26677E-01  -152.58    3.00329E-01   -49.16
  -19.00     0.00      -1.13    1.08    3.12    0.70157   -68.43  LEFT      2.33054E-01  -152.96    3.00329E-01   -49.06
  -18.00     0.00      -0.90    1.08    3.21    0.71044   -66.39  LEFT      2.39254E-01  -153.31    3.00329E-01   -48.96
  -17.00     0.00      -0.68    1.08    3.30    0.71779   -64.33  LEFT      2.45258E-01  -153.64    3.00329E-01   -48.86
  -16.00     0.00      -0.48    1.08    3.38    0.72365   -62.28  LEFT      2.51044E-01  -153.94    3.00329E-01   -48.77
  -15.00     0.00      -0.29    1.08    3.46    0.72813   -60.28  LEFT      2.56592E-01  -154.22    3.00329E-01   -48.69
  -14.00     0.00      -0.11    1.08    3.53    0.73135   -58.35  LEFT      2.61883E-01  -154.47    3.00329E-01   -48.61
  -13.00     0.00       0.05    1.08    3.60    0.73345   -56.51  LEFT      2.66898E-01  -154.71    3.00329E-01   -48.54
  -12.00     0.00       0.20    1.08    3.67    0.73460   -54.78  LEFT      2.71620E-01  -154.92    3.00329E-01   -48.47
  -11.00     0.00       0.34    1.08    3.74    0.73498   -53.19  LEFT      2.76031E-01  -155.11    3.00329E-01   -48.41
  -10.00     0.00       0.47    1.08    3.79    0.73475   -51.73  LEFT      2.80115E-01  -155.29    3.00329E-01   -48.35
   -9.00     0.00       0.59    1.08    3.85    0.73407   -50.42  LEFT      2.83857E-01  -155.44    3.00329E-01   -48.30
   -8.00     0.00       0.69    1.08    3.90    0.73309   -49.25  LEFT      2.87244E-01  -155.58    3.00329E-01   -48.25
   -7.00     0.00       0.78    1.08    3.94    0.73194   -48.24  LEFT      2.90264E-01  -155.70    3.00329E-01   -48.21
   -6.00     0.00       0.86    1.08    3.98    0.73073   -47.36  LEFT      2.92903E-01  -155.81    3.00329E-01   -48.18
   -5.00     0.00       0.93    1.08    4.01    0.72956   -46.63  LEFT      2.95154E-01  -155.89    3.00329E-01   -48.14
   -4.00     0.00       0.98    1.08    4.04    0.72849   -46.04  LEFT      2.97008E-01  -155.96    3.00329E-01   -48.12
   -3.00     0.00       1.02    1.08    4.06    0.72760   -45.58  LEFT      2.98456E-01  -156.02    3.00329E-01   -48.10
   -2.00     0.00       1.05    1.08    4.07    0.72694   -45.26  LEFT      2.99495E-01  -156.06    3.00329E-01   -48.09
   -1.00     0.00       1.07    1.08    4.08    0.72652   -45.06  LEFT      3.00120E-01  -156.08    3.00329E-01   -48.08
    0.00     0.00       1.08    1.08    4.09    0.72638   -45.00  LEFT      3.00329E-01  -156.09    3.00329E-01   -48.08