  -90.00     0.00    -999.99 -999.99 -999.99    0.00000     0.00            2.06792E-22   -59.06    3.55673E-11   -17.67
  -89.00     0.00     -65.94  -31.91  -31.91    0.01315   -89.14  RIGHT     2.41940E-03   -59.05    1.21601E-01   162.33
  -88.00     0.00     -53.90  -25.89  -25.89    0.02628   -88.29  RIGHT     9.67683E-03   -59.05    2.43166E-01   162.33
  -87.00     0.00     -46.85  -22.37  -22.36    0.03938   -87.43  RIGHT     2.17700E-02   -59.05    3.64656E-01   162.33
  -86.00     0.00     -41.86  -19.88  -19.85    0.05244   -86.57  RIGHT     3.86950E-02   -59.05    4.86034E-01   162.33
  -85.00     0.00     -37.98  -17.94  -17.90    0.06543   -85.71  RIGHT     6.04463E-02   -59.05    6.07263E-01   162.33
  -84.00     0.00     -34.82  -16.36  -16.30    0.07835   -84.85  RIGHT     8.70167E-02   -59.05    7.28307E-01   162.33
  -83.00     0.00     -32.14  -15.03  -14.95    0.09116   -83.98  RIGHT     1.18397E-01   -59.05    8.49128E-01   162.33
  -82.00     0.00     -29.83  -13.88  -13.77    0.10387   -83.10  RIGHT     1.54578E-01   -59.05    9.69689E-01   162.33
  -81.00     0.00     -27.79  -12.86  -12.72    0.11645   -82.23  RIGHT     1.95545E-01   -59.05    1.08995E+00   162.33
  -80.00     0.00     -25.96  -11.96  -11.79    0.12889   -81.34  RIGHT     2.41284E-01   -59.05    1.20988E+00   162.33
  -79.00     0.00     -24.31  -11.14  -10.93    0.14117   -80.46  RIGHT     2.91779E-01   -59.05    1.32945E+00   162.33
  -78.00     0.00     -22.80  -10.39  -10.15    0.15327   -79.56  RIGHT     3.47010E-01   -59.05    1.44860E+00   162.33
  -77.00     0.00     -21.42   -9.71   -9.42    0.16519   -78.66  RIGHT     4.06955E-01   -59.05    1.56731E+00   162.33
  -76.00     0.00     -20.14   -9.08   -8.75    0.17689   -77.75  RIGHT     4.71591E-01   -59.05    1.68554E+00   162.33
  -75.00     0.00     -18.95   -8.49   -8.11    0.18837   -76.84  RIGHT     5.40890E-01   -59.05    1.80326E+00   162.33
  -74.00     0.00     -17.84   -7.94   -7.52    0.19960   -75.92  RIGHT     6.14823E-01   -59.05    1.92042E+00   162.33
  -73.00     0.00     -16.79   -7.43   -6.95    0.21058   -74.99  RIGHT     6.93355E-01   -59.05    2.03700E+00   162.33
  -72.00     0.00     -15.81   -6.95   -6.42    0.22129   -74.06  RIGHT     7.76451E-01   -59.05    2.15295E+00   162.33
  -71.00     0.00     -14.88   -6.50   -5.91    0.23171   -73.11  RIGHT     8.64070E-01   -59.05    2.26825E+00   162.33
  -70.00     0.00     -14.00   -6.07   -5.42    0.24183   -72.17  RIGHT     9.56169E-01   -59.05    2.38285E+00   162.33
  -69.00     0.00     -13.16   -5.66   -4.95    0.25163   -71.21  RIGHT     1.05270E+00   -59.05    2.49673E+00   162.33
  -68.00     0.00     -12.37   -5.28   -4.50    0.26110   -70.25  RIGHT     1.15361E+00   -59.05    2.60984E+00   162.33
  -67.00     0.00     -11.61   -4.91   -4.07    0.27023   -69.28  RIGHT     1.25884E+00   -59.05    2.72215E+00   162.33
  -66.00     0.00     -10.89   -4.56   -3.65    0.27900   -68.31  RIGHT     1.36833E+00   -59.05    2.83363E+00   162.33
  -65.00     0.00     -10.19   -4.23   -3.25    0.28741   -67.33  RIGHT     1.48202E+00   -59.05    2.94424E+00   162.33
  -64.00     0.00      -9.53   -3.91   -2.86    0.29544   -66.35  RIGHT     1.59983E+00   -59.05    3.05396E+00   162.33
  -63.00     0.00      -8.89   -3.61   -2.48    0.30309   -65.37  RIGHT     1.72168E+00   -59.05    3.16274E+00   162.33
  -62.00     0.00      -8.28   -3.32   -2.11    0.31035   -64.39  RIGHT     1.84750E+00   -59.05    3.27055E+00   162.33
  -61.00     0.00      -7.69   -3.04   -1.76    0.31722   -63.40  RIGHT     1.97720E+00   -59.05    3.37737E+00   162.33
  -60.00     0.00      -7.12   -2.77   -1.41    0.32369   -62.42  RIGHT     2.11067E+00   -59.05    3.48315E+00   162.33
  -59.00     0.00      -6.57   -2.51   -1.08    0.32976   -61.43  RIGHT     2.24783E+00   -59.05    3.58787E+00   162.33
  -58.00     0.00      -6.05   -2.27   -0.75    0.33542   -60.45  RIGHT     2.38856E+00   -59.05    3.69149E+00   162.33
  -57.00     0.00      -5.54   -2.03   -0.43    0.34069   -59.48  RIGHT     2.53275E+00   -59.05    3.79398E+00   162.33
  -56.00     0.00      -5.05   -1.80   -0.12    0.34557   -58.51  RIGHT     2.68028E+00   -59.05    3.89532E+00   162.33
  -55.00     0.00      -4.57   -1.58    0.19    0.35005   -57.55  RIGHT     2.83103E+00   -59.05    3.99547E+00   162.33
  -54.00     0.00      -4.11   -1.37    0.48    0.35415   -56.59  RIGHT     2.98486E+00   -59.05    4.09439E+00   162.33
  -53.00     0.00      -3.67   -1.16    0.77    0.35787   -55.65  RIGHT     3.14162E+00   -59.05    4.19207E+00   162.33
  -52.00     0.00      -3.24   -0.96    1.06    0.36122   -54.71  RIGHT     3.30118E+00   -59.05    4.28846E+00   162.33
  -51.00     0.00      -2.82   -0.77    1.33    0.36422   -53.79  RIGHT     3.46337E+00   -59.05    4.38355E+00   162.33
  -50.00     0.00      -2.42   -0.59    1.60    0.36687   -52.88  RIGHT     3.62804E+00   -59.05    4.47730E+00   162.33
  -49.00     0.00      -2.03   -0.41    1.87    0.36920   -51.99  RIGHT     3.79502E+00   -59.05    4.56968E+00   162.33
  -48.00     0.00      -1.65   -0.24    2.12    0.37120   -51.11  RIGHT     3.96412E+00   -59.05    4.66067E+00   162.33
  -47.00     0.00      -1.28   -0.08    2.37    0.37290   -50.25  RIGHT     4.13517E+00   -59.05    4.75023E+00   162.33
  -46.00     0.00      -0.92    0.08    2.62    0.37432   -49.41  RIGHT     4.30798E+00   -59.05    4.83835E+00   162.33
  -45.00     0.00      -0.58    0.24    2.86    0.37546   -48.58  RIGHT     4.48234E+00   -59.05    4.92499E+00   162.33
  -44.00     0.00      -0.25    0.39    3.09    0.37635   -47.78  RIGHT     4.65806E+00   -59.05    5.01013E+00   162.33
  -43.00     0.00       0.08    0.53    3.32    0.37700   -46.99  RIGHT     4.83492E+00   -59.05    5.09374E+00   162.33
  -42.00     0.00       0.39    0.67    3.54    0.37743   -46.22  RIGHT     5.01270E+00   -59.05    5.17579E+00   162.33
  -41.00     0.00       0.70    0.80    3.76    0.37765   -45.48  RIGHT     5.19119E+00   -59.05    5.25627E+00   162.33
  -40.00     0.00       0.99    0.93    3.97    0.37768   -44.75  RIGHT     5.37016E+00   -59.05    5.33514E+00   162.33
  -39.00     0.00       1.27    1.06    4.18    0.37753   -44.05  RIGHT     5.54936E+00   -59.05    5.41239E+00   162.33
  -38.00     0.00       1.55    1.18    4.38    0.37723   -43.36  RIGHT     5.72857E+00   -59.05    5.48799E+00   162.33
  -37.00     0.00       1.82    1.29    4.57    0.37678   -42.70  RIGHT     5.90752E+00   -59.05    5.56191E+00   162.33
  -36.00     0.00       2.08    1.41    4.76    0.37620   -42.06  RIGHT     6.08599E+00   -59.05    5.63414E+00   162.33
  -35.00     0.00       2.33    1.51    4.95    0.37550   -41.44  RIGHT     6.26370E+00   -59.05    5.70465E+00   162.33
  -34.00     0.00       2.57    1.62    5.13    0.37471   -40.85  RIGHT     6.44042E+00   -59.05    5.77342E+00   162.33
  -33.00     0.00       2.80    1.72    5.30    0.37382   -40.27  RIGHT     6.61586E+00   -59.05    5.84044E+00   162.33
  -32.00     0.00       3.03    1.82    5.47    0.37286   -39.72  RIGHT     6.78979E+00   -59.05    5.90567E+00   162.33
  -31.00     0.00       3.24    1.91    5.64    0.37183   -39.18  RIGHT     6.96192E+00   -59.05    5.96911E+00   162.33
  -30.00     0.00       3.45    2.00    5.80    0.37075   -38.67  RIGHT     7.13199E+00   -59.05    6.03072E+00   162.33
  -29.00     0.00       3.66    2.08    5.95    0.36962   -38.18  RIGHT     7.29974E+00   -59.05    6.09050E+00   162.33
  -28.00     0.00       3.85    2.17    6.10    0.36846   -37.71  RIGHT     7.46489E+00   -59.05    6.14843E+00   162.33
  -27.00     0.00       4.04    2.24    6.24    0.36728   -37.26  RIGHT     7.62719E+00   -59.05    6.20448E+00   162.33
  -26.00     0.00       4.22    2.32    6.38    0.36607   -36.82  RIGHT     7.78637E+00   -59.05    6.25864E+00   162.33
  -25.00     0.00       4.39    2.39    6.51    0.36486   -36.41  RIGHT     7.94215E+00   -59.05    6.31090E+00   162.33
  -24.00     0.00       4.55    2.46    6.64    0.36365   -36.02  RIGHT     8.09429E+00   -59.05    6.36123E+00   162.33
  -23.00     0.00       4.71    2.53    6.77    0.36244   -35.64  RIGHT     8.24252E+00   -59.05    6.40963E+00   162.33
  -22.00     0.00       4.86    2.59    6.88    0.36125   -35.29  RIGHT     8.38658E+00   -59.05    6.45608E+00   162.33
  -21.00     0.00       5.01    2.65    7.00    0.36007   -34.95  RIGHT     8.52623E+00   -59.05    6.50056E+00   162.33
  -20.00     0.00       5.14    2.71    7.10    0.35892   -34.63  RIGHT     8.66122E+00   -59.05    6.54306E+00   162.33
  -19.00     0.00       5.27    2.76    7.20    0.35780   -34.33  RIGHT     8.79131E+00   -59.05    6.58357E+00   162.33
  -18.00     0.00       5.39    2.81    7.30    0.35671   -34.04  RIGHT     8.91627E+00   -59.05    6.62208E+00   162.33
  -17.00     0.00       5.51    2.86    7.39    0.35565   -33.77  RIGHT     9.03586E+00   -59.05    6.65858E+00   162.33
  -16.00     0.00       5.62    2.90    7.48    0.35464   -33.52  RIGHT     9.14988E+00   -59.05    6.69304E+00   162.33
  -15.00     0.00       5.72    2.94    7.56    0.35368   -33.29  RIGHT     9.25812E+00   -59.05    6.72547E+00   162.33
  -14.00     0.00       5.82    2.98    7.64    0.35276   -33.07  RIGHT     9.36037E+00   -59.05    6.75585E+00   162.33
  -13.00     0.00       5.90    3.02    7.71    0.35190   -32.87  RIGHT     9.45643E+00   -59.05    6.78418E+00   162.33
  -12.00     0.00       5.99    3.05    7.77    0.35108   -32.68  RIGHT     9.54614E+00   -59.05    6.81045E+00   162.33
  -11.00     0.00       6.06    3.08    7.83    0.35033   -32.51  RIGHT     9.62933E+00   -59.05    6.83464E+00   162.33
  -10.00     0.00       6.13    3.11    7.89    0.34963   -32.35  RIGHT     9.70582E+00   -59.05    6.85675E+00   162.33
   -9.00     0.00       6.19    3.14    7.94    0.34900   -32.21  RIGHT     9.77549E+00   -59.05    6.87678E+00   162.33
   -8.00     0.00       6.25    3.16    7.98    0.34843   -32.09  RIGHT     9.83818E+00   -59.05    6.89471E+00   162.33
   -7.00     0.00       6.30    3.18    8.02    0.34792   -31.98  RIGHT     9.89380E+00   -59.05    6.91055E+00   162.33
   -6.00     0.00       6.34    3.20    8.06    0.34747   -31.88  RIGHT     9.94221E+00   -59.05    6.92429E+00   162.33
   -5.00     0.00       6.38    3.21    8.09    0.34710   -31.80  RIGHT     9.98334E+00   -59.05    6.93592E+00   162.33
   -4.00     0.00       6.40    3.22    8.11    0.34679   -31.74  RIGHT     1.00171E+01   -59.05    6.94544E+00   162.33
   -3.00     0.00       6.43    3.23    8.13    0.34655   -31.69  RIGHT     1.00434E+01   -59.05    6.95284E+00   162.33
   -2.00     0.00       6.44    3.24    8.14    0.34637   -31.65  RIGHT     1.00623E+01   -59.05    6.95813E+00   162.33
   -1.00     0.00       6.45    3.24    8.15    0.34627   -31.63  RIGHT     1.00736E+01   -59.05    6.96131E+00   162.33
    0.00     0.00       6.46    3.25    8.15    0.34623   -31.62  RIGHT     1.00774E+01   -59.05    6.96237E+00   162.33